
Predictions done - now making classification report
[[ 84   0   0   0   0   0   1   0   0   0]
 [  0 126   0   0   0   0   0   0   0   0]
 [  2   1 110   0   0   0   0   3   0   0]
 [  0   0   0 101   0   3   0   2   0   1]
 [  0   1   0   0 103   0   1   0   0   5]
 [  0   0   0   1   1  84   0   0   0   1]
 [  1   0   0   0   1   0  85   0   0   0]
 [  0   1   0   0   1   0   0  97   0   0]
 [  1   1   0   4   1   0   0   0  81   1]
 [  0   0   0   1   0   0   0   1   1  91]]
              precision    recall  f1-score   support

           0       0.95      0.99      0.97        85
           1       0.97      1.00      0.98       126
           2       1.00      0.95      0.97       116
           3       0.94      0.94      0.94       107
           4       0.96      0.94      0.95       110
           5       0.97      0.97      0.97        87
           6       0.98      0.98      0.98        87
           7       0.94      0.98      0.96        99
           8       0.99      0.91      0.95        89
           9       0.92      0.97      0.94        94

    accuracy                           0.96      1000
   macro avg       0.96      0.96      0.96      1000
weighted avg       0.96      0.96      0.96      1000

precision: 0.96269897528585
recall: 0.962
F1 score: 0.9619564041582059
end of program